  5.5410e-1  2.3890e-1
 -4.0380e-1  1.0310e-1
  6.6400e-1 -4.7330e-1
 -1.7800e-1  5.7800e-1
 -1.1749e+0  1.0010e-1
  1.7610e-1 -9.6080e-1
  2.4240e-1 -6.5610e-1
  8.8490e-1  5.4370e-1
  9.3720e-1  5.4960e-1
  2.0740e-1 -8.5560e-1
  4.3970e-1  1.0261e+0
  7.9960e-1  3.1000e-1
 -1.0168e+0  1.2420e-1
 -5.2950e-1 -6.5140e-1
  6.7490e-1 -4.6200e-2
 -6.8140e-1  3.0020e-1
 -2.3670e-1 -7.8640e-1
 -9.1800e-1  8.6090e-1
 -3.9730e-1 -1.0110e+0
  6.9590e-1 -5.7000e-3
 -3.0240e-1  8.8270e-1
  1.0796e+0  6.1790e-1
 -2.5500e-2 -7.6630e-1
  6.9200e-2 -8.4560e-1
  2.5680e-1  1.2286e+0
  6.3900e-1  7.5180e-1
 -3.1610e-1 -4.4000e-1
  9.9370e-1  1.8000e-1
 -2.5160e-1  1.3336e+0
  8.9770e-1  5.4560e-1
 -8.3260e-1  2.9760e-1
  5.2100e-2 -9.9860e-1
  7.8400e-2 -8.7520e-1
 -8.1060e-1  4.5460e-1
  5.9200e-2 -6.4890e-1
 -8.8140e-1  1.4500e-1
  6.8550e-1 -2.9060e-1
 -5.7520e-1  5.3880e-1
 -1.0778e+0  9.4620e-1
  6.5300e-1  8.7650e-1
  1.0887e+0  4.6170e-1
 -6.8520e-1 -5.2990e-1
 -7.3130e-1  5.4960e-1
  6.9320e-1  1.0140e-1
 -2.4160e-1  6.5960e-1
 -8.3240e-1 -7.4940e-1
  7.0330e-1  8.7380e-1
  8.8200e-1 -1.0495e+0
  8.1510e-1  2.4080e-1
  7.0300e-2 -1.1304e+0
 -9.3020e-1 -1.0073e+0
 -5.6270e-1  8.7550e-1
  8.6980e-1 -3.3380e-1
  1.3897e+0 -8.6000e-1
 -1.5411e+0 -6.2680e-1
 -7.1020e-1  6.8020e-1
 -4.4690e-1 -7.4640e-1
  1.2138e+0 -4.8790e-1
 -8.8990e-1  4.2780e-1
  6.8020e-1  7.7880e-1
 -8.1460e-1  3.3400e-1
 -6.6820e-1  6.8820e-1
 -6.5650e-1 -2.0690e-1
  5.3430e-1 -9.2270e-1
  6.6000e-2 -1.2278e+0
  2.4400e-1 -9.8080e-1
 -9.0410e-1  4.8430e-1
  1.6050e-1 -7.3810e-1
  8.9960e-1  8.2700e-1
 -9.1880e-1 -1.0015e+0
  1.4267e+0  4.6800e-2
  7.3670e-1  4.1410e-1
  8.0110e-1  4.8050e-1
  1.2100e-1  1.3155e+0
  8.7480e-1 -5.5500e-1
 -9.2550e-1  1.0380e-1
  1.0491e+0  3.1740e-1
 -7.9890e-1  1.3254e+0
  6.1900e-1  1.8050e-1
  1.4850e-1 -9.2310e-1
  1.0321e+0 -5.7800e-2
  1.3420e-1  1.0109e+0
 -1.0073e+0  2.5270e-1
  1.1691e+0  3.0530e-1
 -5.6270e-1  9.5060e-1
 -1.8490e-1 -6.6140e-1
  4.3950e-1  1.0779e+0
 -6.1390e-1  6.8840e-1
 -4.0080e-1 -3.8620e-1
 -3.4220e-1  6.1520e-1
  2.2820e-1 -6.6270e-1
 -1.2692e+0 -7.9930e-1
  1.0524e+0  9.3320e-1
 -7.1120e-1 -1.5370e-1
  5.0190e-1  9.7000e-3
  1.0584e+0  4.2170e-1
 -9.6600e-2 -9.3830e-1
  7.5280e-1  6.8220e-1
 -3.9670e-1  6.6380e-1
  1.0782e+0 -5.5330e-1
 -1.7260e-1 -6.8570e-1
 -6.7900e-1 -7.1560e-1
 -1.6970e-1  8.1630e-1
  6.3150e-1  4.3130e-1
 -3.1900e-2 -9.8660e-1
  1.1806e+0  4.4300e-2
  6.1240e-1  3.7460e-1
 -1.8182e+0 -2.6100e-2
  8.7240e-1  3.0450e-1
  9.9110e-1 -1.2150e-1
 -1.2275e+0  1.0282e+0
  1.9200e-1 -1.1255e+0
 -2.8240e-1  1.2201e+0
 -4.8670e-1  3.9580e-1
  1.8000e-1 -6.7350e-1
 -1.2622e+0 -4.5400e-2
 -2.3060e-1 -5.4630e-1
 -7.1050e-1  4.5800e-1
 -1.0296e+0  1.7700e-2
 -4.8810e-1 -8.5050e-1
  7.8590e-1  7.3790e-1
  1.5980e-1  1.1348e+0
 -9.7520e-1 -9.9110e-1
  4.8950e-1 -3.2820e-1
 -9.9480e-1  5.5730e-1
 -9.1980e-1  6.7980e-1
 -1.0993e+0 -4.2630e-1
 -4.8330e-1  4.2060e-1
  5.7950e-1 -6.6900e-2
  6.4660e-1  1.0746e+0
  4.2190e-1  3.2970e-1
 -5.0330e-1  1.2132e+0
