  5.0e+1  3.3e+1  1.4e+1  2.0e+0
  6.7e+1  3.1e+1  5.6e+1  2.4e+1
  6.9e+1  3.1e+1  5.1e+1  2.3e+1
  4.6e+1  3.6e+1  1.0e+1  2.0e+0
  6.5e+1  3.0e+1  5.2e+1  2.0e+1
  5.8e+1  2.7e+1  5.1e+1  1.9e+1
  5.7e+1  2.8e+1  4.5e+1  1.3e+1
  6.3e+1  3.3e+1  4.7e+1  1.6e+1
  4.9e+1  2.5e+1  4.5e+1  1.7e+1
  7.0e+1  3.2e+1  4.7e+1  1.4e+1
  4.8e+1  3.1e+1  1.6e+1  2.0e+0
  6.3e+1  2.5e+1  5.0e+1  1.9e+1
  4.9e+1  3.6e+1  1.4e+1  1.0e+0
  4.4e+1  3.2e+1  1.3e+1  2.0e+0
  5.8e+1  2.6e+1  4.0e+1  1.2e+1
  6.3e+1  2.7e+1  4.9e+1  1.8e+1
  5.0e+1  2.3e+1  3.3e+1  1.0e+1
  5.1e+1  3.8e+1  1.6e+1  2.0e+0
  5.0e+1  3.0e+1  1.6e+1  2.0e+0
  6.4e+1  2.8e+1  5.6e+1  2.1e+1
  5.1e+1  3.8e+1  1.9e+1  4.0e+0
  4.9e+1  3.0e+1  1.4e+1  2.0e+0
  5.8e+1  2.7e+1  4.1e+1  1.0e+1
  6.0e+1  2.9e+1  4.5e+1  1.5e+1
  5.0e+1  3.6e+1  1.4e+1  2.0e+0
  5.8e+1  2.7e+1  5.1e+1  1.9e+1
  5.4e+1  3.4e+1  1.5e+1  4.0e+0
  6.4e+1  3.1e+1  5.5e+1  1.8e+1
  4.9e+1  2.4e+1  3.3e+1  1.0e+1
  5.5e+1  4.2e+1  1.4e+1  2.0e+0
  6.0e+1  2.2e+1  5.0e+1  1.5e+1
  5.2e+1  2.7e+1  3.9e+1  1.4e+1
  4.4e+1  2.9e+1  1.4e+1  2.0e+0
  5.8e+1  2.7e+1  3.9e+1  1.2e+1
  6.9e+1  3.2e+1  5.7e+1  2.3e+1
  5.9e+1  3.0e+1  4.2e+1  1.5e+1
  5.6e+1  2.8e+1  4.9e+1  2.0e+1
  6.7e+1  2.5e+1  5.8e+1  1.8e+1
  6.4e+1  2.8e+1  5.6e+1  2.2e+1
  6.3e+1  2.8e+1  5.1e+1  1.5e+1
  6.2e+1  2.2e+1  4.5e+1  1.5e+1
  6.1e+1  3.0e+1  4.6e+1  1.4e+1
  5.6e+1  2.5e+1  3.9e+1  1.1e+1
  6.8e+1  3.2e+1  5.9e+1  2.3e+1
  6.2e+1  3.4e+1  5.4e+1  2.3e+1
  6.7e+1  3.3e+1  5.7e+1  2.5e+1
  5.5e+1  3.5e+1  1.3e+1  2.0e+0
  6.4e+1  3.2e+1  4.5e+1  1.5e+1
  5.9e+1  3.0e+1  5.1e+1  1.8e+1
  6.4e+1  3.2e+1  5.3e+1  2.3e+1
  5.4e+1  3.0e+1  4.5e+1  1.5e+1
  6.7e+1  3.3e+1  5.7e+1  2.1e+1
  4.4e+1  3.0e+1  1.3e+1  2.0e+0
  4.7e+1  3.2e+1  1.6e+1  2.0e+0
  7.2e+1  3.2e+1  6.0e+1  1.8e+1
  6.1e+1  3.0e+1  4.9e+1  1.8e+1
  5.0e+1  3.2e+1  1.2e+1  2.0e+0
  4.3e+1  3.0e+1  1.1e+1  1.0e+0
  6.7e+1  3.1e+1  4.4e+1  1.4e+1
  5.1e+1  3.5e+1  1.4e+1  2.0e+0
  5.0e+1  3.4e+1  1.6e+1  4.0e+0
  5.7e+1  2.6e+1  3.5e+1  1.0e+1
  7.7e+1  3.0e+1  6.1e+1  2.3e+1
  5.7e+1  2.9e+1  4.2e+1  1.3e+1
  5.2e+1  4.1e+1  1.5e+1  1.0e+0
  6.0e+1  3.0e+1  4.8e+1  1.8e+1
  5.6e+1  2.7e+1  4.2e+1  1.3e+1
  4.9e+1  3.1e+1  1.5e+1  2.0e+0
  5.4e+1  3.9e+1  1.7e+1  4.0e+0
  6.0e+1  3.4e+1  4.5e+1  1.6e+1
  5.0e+1  2.0e+1  3.0e+1  1.0e+1
  4.7e+1  3.2e+1  1.3e+1  2.0e+0
  6.2e+1  2.9e+1  4.3e+1  1.3e+1
  5.1e+1  3.4e+1  1.5e+1  2.0e+0
  6.0e+1  2.2e+1  4.0e+1  1.0e+1
  4.9e+1  3.1e+1  1.5e+1  1.0e+0
  6.5e+1  2.8e+1  4.6e+1  1.5e+1
  4.6e+1  3.4e+1  1.4e+1  3.0e+0
  5.9e+1  3.2e+1  4.8e+1  1.8e+1
  6.0e+1  2.7e+1  5.1e+1  1.6e+1
  6.5e+1  3.0e+1  5.5e+1  1.8e+1
  5.1e+1  3.3e+1  1.7e+1  5.0e+0
  7.7e+1  3.8e+1  6.7e+1  2.2e+1
  7.6e+1  3.0e+1  6.6e+1  2.1e+1
  6.7e+1  3.0e+1  5.2e+1  2.3e+1
  6.1e+1  2.8e+1  4.0e+1  1.3e+1
  5.5e+1  2.4e+1  3.8e+1  1.1e+1
  5.2e+1  3.4e+1  1.4e+1  2.0e+0
  7.9e+1  3.8e+1  6.4e+1  2.0e+1
  5.0e+1  3.5e+1  1.6e+1  6.0e+0
  7.7e+1  2.8e+1  6.7e+1  2.0e+1
  5.5e+1  2.6e+1  4.4e+1  1.2e+1
  4.8e+1  3.0e+1  1.4e+1  3.0e+0
  4.8e+1  3.4e+1  1.9e+1  2.0e+0
  6.1e+1  2.6e+1  5.6e+1  1.4e+1
  5.8e+1  4.0e+1  1.2e+1  2.0e+0
  6.2e+1  2.8e+1  4.8e+1  1.8e+1
  5.6e+1  3.0e+1  4.5e+1  1.5e+1
  4.6e+1  3.2e+1  1.4e+1  2.0e+0
  5.7e+1  4.4e+1  1.5e+1  4.0e+0
  6.3e+1  3.4e+1  5.6e+1  2.4e+1
  7.2e+1  3.0e+1  5.8e+1  1.6e+1
  7.1e+1  3.0e+1  5.9e+1  2.1e+1
  6.3e+1  2.9e+1  5.6e+1  1.8e+1
  5.7e+1  3.0e+1  4.2e+1  1.2e+1
  7.7e+1  2.6e+1  6.9e+1  2.3e+1
  6.6e+1  2.9e+1  4.6e+1  1.3e+1
  5.0e+1  3.4e+1  1.5e+1  2.0e+0
  5.5e+1  2.4e+1  3.7e+1  1.0e+1
  4.6e+1  3.1e+1  1.5e+1  2.0e+0
  7.4e+1  2.8e+1  6.1e+1  1.9e+1
  5.0e+1  3.5e+1  1.3e+1  3.0e+0
  7.3e+1  2.9e+1  6.3e+1  1.8e+1
  6.7e+1  3.1e+1  4.7e+1  1.5e+1
  6.3e+1  2.3e+1  4.4e+1  1.3e+1
  6.3e+1  2.5e+1  4.9e+1  1.5e+1
  5.1e+1  2.5e+1  3.0e+1  1.1e+1
  6.9e+1  3.1e+1  5.4e+1  2.1e+1
  7.2e+1  3.6e+1  6.1e+1  2.5e+1
  5.6e+1  2.9e+1  3.6e+1  1.3e+1
  6.8e+1  3.0e+1  5.5e+1  2.1e+1
  4.8e+1  3.0e+1  1.4e+1  1.0e+0
  5.7e+1  3.8e+1  1.7e+1  3.0e+0
  6.6e+1  3.0e+1  4.4e+1  1.4e+1
  5.1e+1  3.7e+1  1.5e+1  4.0e+0
  6.7e+1  3.0e+1  5.0e+1  1.7e+1
  5.4e+1  3.7e+1  1.5e+1  2.0e+0
  6.1e+1  2.8e+1  4.7e+1  1.2e+1
  5.7e+1  2.8e+1  4.1e+1  1.3e+1
  5.4e+1  3.9e+1  1.3e+1  4.0e+0
  6.5e+1  3.2e+1  5.1e+1  2.0e+1
  6.9e+1  3.1e+1  4.9e+1  1.5e+1
  5.5e+1  2.5e+1  4.0e+1  1.3e+1
  4.5e+1  2.3e+1  1.3e+1  3.0e+0
  5.1e+1  3.8e+1  1.5e+1  3.0e+0
  6.8e+1  2.8e+1  4.8e+1  1.4e+1
  5.2e+1  3.5e+1  1.5e+1  2.0e+0
  6.3e+1  3.3e+1  6.0e+1  2.5e+1
  5.6e+1  3.0e+1  4.1e+1  1.3e+1
  6.4e+1  2.9e+1  4.3e+1  1.3e+1
  6.5e+1  3.0e+1  5.8e+1  2.2e+1
  5.1e+1  3.5e+1  1.4e+1  3.0e+0
  6.1e+1  2.9e+1  4.7e+1  1.4e+1
  6.4e+1  2.7e+1  5.3e+1  1.9e+1
  4.8e+1  3.4e+1  1.6e+1  2.0e+0
  5.7e+1  2.5e+1  5.0e+1  2.0e+1
  5.5e+1  2.3e+1  4.0e+1  1.3e+1
  5.4e+1  3.4e+1  1.7e+1  2.0e+0
  5.8e+1  2.8e+1  5.1e+1  2.4e+1
  5.3e+1  3.7e+1  1.5e+1  2.0e+0
